1789 0.182557
1793 -0.014722
1797 0.133781
1801 0.156308
1805 0.149315
1809 0.147331
1813 0.078022
1817 0.224453
1821 0.164660
1825 0.118750
1829 0.098618
1833 0.192920
1837 0.124200
1841 0.121861
1845 0.125482
1849 0.136759
1853 0.121690
1857 0.172258
1861 0.102110
1865 0.060256
1869 0.207845
1873 0.157006
1877 0.160082
1881 0.164346
1885 0.191803
1889 0.157630
1893 0.121159
1897 0.174349
1901 0.111739
1905 0.083020
1909 0.115059
1913 0.129189
1917 0.120790
1921 0.103567
1925 0.127598
1929 0.126553
1933 0.118154
1937 0.103191
1941 0.085323
1945 0.036444
1949 0.129235
1953 0.130159
1957 0.117564
1961 0.101730
1965 0.131531
1969 0.129152
1973 0.178984
1974 0.126394
1977 0.161238
1981 0.117124
1985 0.121034
1989 0.154732
1993 0.094381
1997 0.105753
2001 0.138219
2005 0.136871
2009 0.044016
2013 0.091007
2017 0.133755
